ADDACCOUNT	5438897612	3663	11800
ADDACCOUNT	3026770709	3542	68901
ADDACCOUNT	8054536401	6434	4864
ADDACCOUNT	2239103375	6270	80737
ADDACCOUNT	1308439516	3866	50657
ADDACCOUNT	1841627921	9502	65485
ADDACCOUNT	3745522930	4698	30267
ADDACCOUNT	6549417112	2947	6432
ADDACCOUNT	1439293384	4408	64009
ADDACCOUNT	2158649745	1165	73443
ADDACCOUNT	4630626445	6434	32084
ADDACCOUNT	4218916833	2910	58823
ADDACCOUNT	6608013027	9181	13266
ADDACCOUNT	6286260497	7122	80552
ADDACCOUNT	1481284434	6831	8235
ADDACCOUNT	8105755106	5327	57054
ADDACCOUNT	2025614000	6909	17290
ADDACCOUNT	6864290493	8236	61899
ADDACCOUNT	6185315860	3967	85930
ADDACCOUNT	2963378954	2473	30884
ADDACCOUNT	4014024875	7661	21343
ADDACCOUNT	4449682976	5939	52506
ADDACCOUNT	6863240714	4458	45423
ADDACCOUNT	3900589360	8892	79351
ADDACCOUNT	7076845747	1260	81065
ADDACCOUNT	2801158507	4167	24650
ADDACCOUNT	7412231734	4986	4268
ADDACCOUNT	6042344280	2849	40869
ADDACCOUNT	8513398125	9829	82933
ADDACCOUNT	1221043076	5316	87351
ADDACCOUNT	8973166625	2440	1400
ADDACCOUNT	3252003086	8021	77202
ADDACCOUNT	3921604211	5725	69235
ADDACCOUNT	7006714182	6098	36884
ADDACCOUNT	6364460345	4360	10127
ADDACCOUNT	1956198254	6227	8836
ADDACCOUNT	8392557755	4349	73619
ADDACCOUNT	3392885631	2965	25874
ADDACCOUNT	8617517183	6756	50598
ADDACCOUNT	8056384313	6087	51554
ADDACCOUNT	5658103897	2647	10416
ADDACCOUNT	8679415342	2970	38484
ADDACCOUNT	5780714390	5341	8481
ADDACCOUNT	9773110939	2792	82231
ADDACCOUNT	7271310181	8247	70610
ADDACCOUNT	6458809108	3771	59602
ADDACCOUNT	5219008103	3372	2079
ADDACCOUNT	1307708036	4292	75336
ADDACCOUNT	8863374653	6199	973
ADDACCOUNT	2294678774	1606	25969
REFILL	0	0000000000	0000	0
BALANCE	64	8513398125	9829	0
DEPOSIT	137	2963378954	2473	5400
WITHDRAW	158	7006714182	6098	4150
BALANCE	208	3392885631	2965	0
WITHDRAW	209	7412231734	4986	2850
WITHDRAW	255	6863240714	4458	4700
BALANCE	267	8863374653	6199	0
BALANCE	270	1307708036	4292	0
WITHDRAW	283	1308439516	3866	1350
BALANCE	285	8617517183	6756	0
WITHDRAW	288	8392557755	4349	2950
WITHDRAW	292	6185315860	3967	900
WITHDRAW	354	7006714182	6098	4600
BALANCE	404	4014024875	7661	0
BALANCE	404	8973166625	2440	0
DEPOSIT	407	6286260497	7122	800
WITHDRAW	410	4218916833	2910	3900
BALANCE	411	2801158507	4167	0
WITHDRAW	429	3745522930	4697	350
DEPOSIT	452	5658103897	2647	4700
WITHDRAW	471	2025614000	6909	200
WITHDRAW	477	5219008103	3372	5050
WITHDRAW	497	3252003086	8021	100
WITHDRAW	504	7076845747	1260	1750
BALANCE	506	7076845747	1260	0
WITHDRAW	594	6864290493	8236	4000
BALANCE	597	5780714390	5341	0
BALANCE	609	4449682976	5939	0
WITHDRAW	640	2801158507	4167	800
WITHDRAW	655	1841627921	9502	4850
WITHDRAW	735	9773110939	2792	3650
DEPOSIT	747	6549417112	2947	4750
DEPOSIT	783	6864290493	8236	1150
DEPOSIT	801	3883757473	6482	2950
WITHDRAW	905	2158649745	1165	4750
DEPOSIT	924	2239103375	6270	3500
DEPOSIT	940	4730722593	5479	2350
BALANCE	946	5219008103	3372	0